               R1                                          R2

 A  B  C  D  E | Y7 Y6 Y5 Y4 Y3 Y2 Y1 Y0     A  B  C  D  E | Y7 Y6 Y5 Y4 Y3 Y2 Y1 Y0
----------------------------------------    ----------------------------------------
 0  0  0  0  0 |  0  0  0  0  0  0  1  0     0  0  0  0  0 |  0  0  0  0  1  0  0  1
 0  0  0  0  1 |  0  0  0  0  0  0  1  0     0  0  0  0  1 |  0  0  0  0  1  0  0  0
 0  0  0  1  0 |  0  0  0  0  0  0  1  0     0  0  0  1  0 |  0  0  0  0  1  0  0  0
 0  0  0  1  1 |  0  0  0  0  0  0  1  0     0  0  0  1  1 |  0  0  0  0  1  0  0  0
 0  0  1  0  0 |  0  0  0  0  0  0  1  1     0  0  1  0  0 |  0  0  0  0  1  0  0  0
 0  0  1  0  1 |  0  0  0  0  0  0  1  1     0  0  1  0  1 |  0  0  0  0  1  0  0  0
 0  0  1  1  0 |  0  0  0  0  0  0  1  1     0  0  1  1  0 |  0  0  0  0  1  0  0  0
 0  0  1  1  1 |  0  0  0  0  0  0  1  1     0  0  1  1  1 |  0  0  0  0  1  0  0  0
 0  1  0  0  0 |  0  0  0  0  0  0  1  1     0  1  0  0  0 |  0  0  0  0  1  0  0  0
 0  1  0  0  1 |  0  0  0  0  0  0  1  1     0  1  0  0  1 |  0  0  0  0  1  0  0  0
 0  1  0  1  0 |  0  0  0  0  0  0  1  1     0  1  0  1  0 |  0  0  0  0  1  0  0  0
 0  1  0  1  1 |  0  0  0  0  0  0  1  1     0  1  0  1  1 |  0  0  0  0  1  0  0  0
 0  1  1  0  0 |  0  0  0  0  0  0  1  0     0  1  1  0  0 |  0  0  0  0  0  0  1  0
 0  1  1  0  1 |  0  0  0  0  0  0  1  0     0  1  1  0  1 |  0  0  0  0  0  1  0  0
 0  1  1  1  0 |  0  0  0  0  0  0  1  0     0  1  1  1  0 |  0  0  0  1  1  0  0  0
 0  1  1  1  1 |  0  0  0  0  0  0  1  0     0  1  1  1  1 |  0  0  1  0  1  0  0  0
 1  0  0  0  0 |  0  0  0  0  0  0  1  0     1  0  0  0  0 |  0  1  0  0  1  0  0  0
 1  0  0  0  1 |  0  0  0  0  0  0  1  0     1  0  0  0  1 |  1  0  0  0  1  0  0  0
 1  0  0  1  0 |  0  0  0  0  0  1  0  0     1  0  0  1  0 |  0  0  0  0  1  0  0  0
 1  0  0  1  1 |  0  0  0  0  0  1  0  0     1  0  0  1  1 |  0  0  0  0  1  0  0  0
 1  0  1  0  0 |  0  0  0  0  1  0  0  0     1  0  1  0  0 |  0  0  0  0  1  0  0  0
 1  0  1  0  1 |  0  0  0  0  1  0  0  0     1  0  1  0  1 |  0  0  0  0  1  0  0  0
 1  0  1  1  0 |  0  0  0  1  0  0  0  0     1  0  1  1  0 |  0  0  0  0  1  0  0  0
 1  0  1  1  1 |  0  0  0  1  0  0  0  0     1  0  1  1  1 |  0  0  0  0  1  0  0  0
 1  1  0  0  0 |  0  0  1  0  0  0  0  0     1  1  0  0  0 |  0  0  0  0  1  0  0  0
 1  1  0  0  1 |  0  0  1  0  0  0  0  0     1  1  0  0  1 |  0  0  0  0  1  0  0  0
 1  1  0  1  0 |  0  1  0  0  0  0  0  0     1  1  0  1  0 |  0  0  0  0  1  0  0  0
 1  1  0  1  1 |  0  1  0  0  0  0  0  0     1  1  0  1  1 |  0  0  0  0  1  0  0  0
 1  1  1  0  0 |  1  0  0  0  0  0  0  0     1  1  1  0  0 |  0  0  0  0  1  0  0  0
 1  1  1  0  1 |  1  0  0  0  0  0  0  0     1  1  1  0  1 |  0  0  0  0  1  0  0  0
 1  1  1  1  0 |  1  0  0  0  0  0  0  0     1  1  1  1  0 |  0  0  0  0  1  0  0  0
 1  1  1  1  1 |  1  0  0  0  0  0  0  0     1  1  1  1  1 |  0  0  0  0  1  0  0  0
 
 Y0 = /(/A/BC + /AB/C)                       Y0 = /(/A/B/C/D/E)
 Y1 = /(/A + /B/C/D)                         Y1 = /(/ABC/D/E)
 Y2 = /(A/B/CD)                              Y2 = /(/ABC/DE)
 Y3 = /(A/BC/D)                              Y3 = /(/B + /C + D + A)
 Y4 = /(A/BCD)                               Y4 = /(/ABCD/E)
 Y5 = /(AB/C/D)                              Y5 = /(/ABCDE)
 Y6 = /(AB/CD)                               Y6 = /(A/B/C/D/E)
 Y7 = /(ABC)                                 Y7 = /(A/B/C/DE)
 